13
42
2 1 35 1000
2 3 4 1000
2 5 18 1000
2 9 32 1000
2 10 22 1000
2 13 11 1000
4 1 21 1000
4 3 16 1000
4 5 4 1000
4 9 18 1000
4 10 8 1000
4 13 13 1000
6 1 13 1000
6 3 20 1000
6 5 34 1000
6 9 22 1000
6 10 38 1000
6 13 27 1000
7 1 21 1000
7 3 28 1000
7 5 42 1000
7 9 6 1000
7 10 46 1000
7 13 35 1000
8 1 23 1000
8 3 30 1000
8 5 44 1000
8 9 8 1000
8 10 48 1000
8 13 37 1000
11 1 26 1000
11 3 21 1000
11 5 9 1000
11 9 23 1000
11 10 13 1000
11 13 2 1000
12 1 29 1000
12 3 24 1000
12 5 12 1000
12 9 26 1000
12 10 16 1000
12 13 5 1000
-1
1
-1
1
-1
1
1
1
-1
-2
1
1
-1
