---
1086999
1076286
1076276
1079212
1076013
1077961
1076019
1075943
1077957
1076282
1078572
1079211
1087002
1079209
1078336
1076852
1079224
1087000
1075780
1086996
1076285
1076104
1075983
1078766
1079218
1086998
1079217
1079229
1076073
1076074
1078349
1093195
1075901
1075981
1075781
1075773
1078351
1076343
1079227
1075985
1078029
1079219
1078239
1078241
1076107
1076075
1076112
1076106
1087737
1077246
1078341
1079228
1079213
1077254
1077967
1076109
1077964
1093202
1093198
1077241
1087001
1076857
1077242
1076110
1076278
1078246
1078763
1076855
1078028
1078852
1078765
1076020
1076103
1079215
1076119
1076051
1075916
1077960
1078342
1076210
1075942
1076281
1078243
1078345
1076279
1077253
1076853
1078350
1075984
1076014
1076011
1078238
1079220
1086997
1075944
1076344
1076284
1076050
1078240
1078573
1078352
1093196
1077251
1075918
1076856
1076111
1078764
1077255
1076126
1076054
1078841
1079210
1079216
1076021
1078346
1076053
1077256
1076055
1076125
1093200
1078242
1079226
1076120
1079214
1077247
1076124
1093197
1076113
1079225
1076116
1078853
1079221
1076211
1093201
1077955
1086995
1076848
1076277
1076115
1076108
1093199
1093204
1075782
1076012
1093203
1077966
---
Total de páginas: 5
Total de indivíduos: 146
